PREFAB IDS
16|44|44|7|7|19|19|19|19|19|19|7|0|7|7|7|7|19|5|2|7|7|7|19|19|19|19|7|7|19|19|7|46|46|57|7|7|44|7|16|44|5|5|7|7|7|7|13|7|7|7|19|19|57|57|7|18
POSITIONS
-2.000001,2.384186E-06,0|-2,2.622604E-06,0|1.999999,1.500002,0|-0.9999999,1.500001,-4.768372E-07|0.999999,1.500001,-4.768372E-07|2,0,-0.3999991|-1.999999,1.907349E-06,-0.499999|-0.8999996,2.145767E-06,0.0999999|0.8999987,2.145767E-06,0.0999999|-0.9000001,2.622604E-06,-0.1000009|0.8999991,2.622604E-06,-0.1000009|0.8999991,2.622604E-06,-1.100001|0,0,-2.4|-0.8999996,2.145767E-06,1.1|0.8999987,2.145767E-06,1.1|0.8999991,2.622604E-06,-1.100001|-0.9000001,2.622604E-06,-1.100001|0,0.9000001,-1.5|0,1.4,-1.5|5.960464E-08,1.9,4.768372E-07|-1,1.500002,-9.536743E-07|0.999999,1.500002,-9.536743E-07|0,-5.960464E-07,-2.9|-2,1.100004,-1.8|1.999999,1.100004,-1.8|-0.9999998,1.600004,-2.05|0.9999988,1.600004,-2.05|-0.4999998,1.600004,-2.550001|0,1.4,-2|-2,1.600004,-1.8|1.999999,1.600004,-1.8|-2.499999,1.907349E-06,9.536743E-07|2.5,0,0.1000009|-2.499999,1.907349E-06,9.536743E-07|0,0,-2.4|-0.9000001,2.622604E-06,-1.100001|0.5,0,-2.4|1.999999,2.622604E-06,0|2.499999,1.100004,-1.799999|2,2.384186E-06,0|-2,1.500002,0|-2,1.600004,-1.8|1.999999,1.600004,-1.8|-2.086163E-07,-0.09789276,4.768372E-07|-2.086163E-07,-0.09789276,4.768372E-07|-2.086163E-07,-0.09789276,4.768372E-07|-2.086163E-07,-0.09789276,4.768372E-07|-5.960464E-08,0.9000001,4.768372E-07|-0.8999996,2.145767E-06,1.1|0.4999997,0.3021076,9.536743E-07|-0.5000007,0.3021071,0|-2,2.000002,4.768372E-07|1.999999,2.000002,4.768372E-07|-2,2.500002,4.768372E-07|1.999999,2.500002,4.768372E-07|0.999999,1.500001,-4.768372E-07|0,1.4,-0.5
ROTATIONS
-0.7071067,3.582482E-07,0,0.7071069|3.582482E-07,0.707107,0,0.7071066|4.00395E-07,-0.707107,0,0.7071066|3.582482E-07,0.7071069,0,0.7071067|4.00395E-07,-0.7071069,0,0.7071067|0,0,0,1|0,0,0,1|0,0,0,1|0,0,0,1|1,0,0,0|1,0,0,0|1,0,0,0|0,0,0,1|0,0,0,1|0,0,0,1|1,0,0,0|1,0,0,0|-0.7071068,0,0,0.7071068|0,0,0.7071068,0.7071068|-0.5,0.5000001,0.5,0.5|0.5000004,0.4999999,0.4999999,0.4999999|-0.4999999,-0.5000004,0.4999999,0.4999999|0.7071068,-0.7071068,0,0|-0.7071069,4.214685E-08,0,0.7071067|-0.7071067,4.214684E-08,0,0.7071069|1,0,0,0|1,0,0,0|0,0.7071068,0,0.7071068|1,0,0,0|0.7071067,-4.214684E-08,0,0.7071069|0.7071069,-4.214685E-08,0,0.7071067|0,-0.7071068,0,0.7071068|0,0.7071068,0,0.7071068|0,-0.7071068,0,0.7071068|1,0,0,0|1,0,0,0|0,0.7071068,0,0.7071068|4.00395E-07,-0.707107,0,0.7071066|4.214685E-08,0.7071068,0,0.7071068|-0.7071067,-4.00395E-07,0,0.7071069|3.582482E-07,0.707107,0,0.7071066|4.214685E-08,0.7071069,0,0.7071068|-4.214683E-08,-0.7071068,0,0.7071068|0.7071069,3.997749E-07,0,0.7071067|0.7071069,3.997749E-07,0,0.7071067|0.7071069,3.997749E-07,0,0.7071067|0.7071069,3.997749E-07,0,0.7071067|0.5,-0.5000001,0.5,0.5|0,0,0,1|-3.997745E-07,0.7071066,0,0.707107|3.997747E-07,-0.707107,0,0.7071066|-0.7071067,3.582482E-07,0,0.7071069|-0.7071067,-4.00395E-07,0,0.7071069|1,0,0,0|1,0,0,0|4.00395E-07,-0.7071069,0,0.7071067|0,0,0,1
IS BLOCK FLIPPED
0|0|0|0|0|0|0|0|0|0|0|0|0|0|0|0|0|0|0|1|0|0|0|0|0|0|0|0|0|0|0|0|1|-1|0|0|0|0|0|0|0|0|0|0|0|0|0|1|0|0|0|0|0|0|0|0|0
BRACE + SIMILAR BLOCKS - START POSITION
90000,90000,90000|90000,90000,90000|90000,90000,90000|0,0,0|0,0,0|90000,90000,90000|90000,90000,90000|90000,90000,90000|90000,90000,90000|90000,90000,90000|90000,90000,90000|0,0,0|90000,90000,90000|0,0,0|0,0,0|0,0,0|0,0,0|90000,90000,90000|90000,90000,90000|90000,90000,90000|0,0,0|0,0,0|0,0,0|90000,90000,90000|90000,90000,90000|90000,90000,90000|90000,90000,90000|0,0,0|0,0,0|90000,90000,90000|90000,90000,90000|0,0,0|90000,90000,90000|90000,90000,90000|90000,90000,90000|0,0,0|0,0,0|90000,90000,90000|0,0,0|90000,90000,90000|90000,90000,90000|90000,90000,90000|90000,90000,90000|0,0,0|0,0,0|0,0,0|0,0,0|90000,90000,90000|0,0,0|0,0,0|0,0,0|90000,90000,90000|90000,90000,90000|90000,90000,90000|90000,90000,90000|0,0,0|90000,90000,90000
BRACE + SIMILAR BLOCKS - END POSITION
90000,90000,90000|90000,90000,90000|90000,90000,90000|1.999999,-1.500002,1.000002|-1.999998,-1.500002,1.000001|90000,90000,90000|90000,90000,90000|90000,90000,90000|90000,90000,90000|90000,90000,90000|90000,90000,90000|-1.799999,0,0|90000,90000,90000|-0.1000004,1.5,-1.100001|0.1000004,1.5,-1.100001|0.0999999,-1.499999,-1.1|-0.0999999,-1.499999,-1.1|90000,90000,90000|90000,90000,90000|90000,90000,90000|0.8999989,1.317264E-06,0.9999999|0.8999992,-1.53184E-06,0.9999985|-2.4,-5.180196E-07,-2.900001|90000,90000,90000|90000,90000,90000|90000,90000,90000|90000,90000,90000|-0.5500005,-0.2000039,0.4999998|0.4999988,-0.2000039,0.5499997|90000,90000,90000|90000,90000,90000|-1.800001,1.100002,1.168251E-06|90000,90000,90000|90000,90000,90000|90000,90000,90000|0.4000001,2.622604E-06,1.299999|-1.299999,2.622604E-06,0.399999|90000,90000,90000|-1.900001,-1.100004,7.92742E-07|90000,90000,90000|90000,90000,90000|90000,90000,90000|90000,90000,90000|-0.9,1.099999,-0.09789595|0.8999983,1.1,-0.09789494|-0.8999993,-1.100002,-0.09789538|0.8999999,-1.100001,-0.09789436|90000,90000,90000|1.799998,0,0|2.400002,-0.3021062,-7.310848E-07|-2.4,-0.3021085,9.456624E-07|90000,90000,90000|90000,90000,90000|90000,90000,90000|90000,90000,90000|9.536738E-07,1.132488E-06,1.999999|90000,90000,90000
MACHINE WORLD POSITION
0,1.426038,4.853117
MACHINE WORLD ROTATION
0
PARAMETER TUNER : KEY MAP 1
a|a|a|a|a|a|a|a|a|a|a|a|a|a|a|a|a|a|a|left|a|a|a|a|a|a|a|a|a|a|a|a|up|up|p|a|a|a|a|a|a|a|a|a|a|a|a|left|a|a|a|a|a|p|p|a|h
PARAMETER TUNER : KEY MAP 2
b|b|b|b|b|b|b|b|b|b|b|b|b|b|b|b|b|b|b|right|b|b|b|b|b|b|b|b|b|b|b|b|down|down|b|b|b|b|b|b|b|b|b|b|b|b|b|right|b|b|b|b|b|b|b|b|b
PARAMETER TUNER : SLIDER VALUE
0.5|1|1|1|1|1|1|1|1|1|1|1|1|1|1|1|1|1|1|0.7|1|1|1|1|1|1|1|1|1|1|1|1|1|1|1|1|1|1|1|1|1|1|1|1|1|1|1|0|1|1|1|1|1|0.5|0.5|1|1
PARAMETER TUNER : TOGGLE MODE
False|False|False|False|False|False|False|False|False|False|False|False|False|False|False|False|False|False|False|False|False|False|False|False|False|False|False|False|False|False|False|False|False|False|False|False|False|False|False|False|False|False|False|False|False|False|False|False|False|False|False|False|False|False|False|False|False

